6 8
6 8
6 16
6 12
5 8
5 8
4+ 8
3 2

6 8
6 8
6 16
6 12
6 16
+1+ 12
+2 8 
6 2

+4+ 4
+2 3
6 16
5 8
5 16
6 12
+2 8
+1+ 8
7 8
6 8
5 8
6 2
+2 2

7 8
7 8
6 16
6 12
5 8
5 8
4+ 8
3 2
s 8

6 8
6 8
6 16
6 12
5 8
5 8
4+ 8
4+ 8
3 2
6 16
+2 8
+1+ 16
+2 12
+1+ 8
+2 8
+3 8 
+4+ 12
+2 8
+3 2

6 16
7 8
7 16
+1+ 12
+2 8
+3 8
+2 8
+1+ 8
7 8
7 16
6 4
+3 4
+2 2

7 8
+2 16
+2 12
7 8
+2 8
+3 16
+3 8
+2 4
+3 2
s 8

+4+ 8
+4+ 8
+2 8
7 8 
7 8 
+4+ 8 
+2 8 
+3 2 
6 8 
6 8 
+3 8 
+1+ 8 
+2 2 

7 8 
7 8 
+4+ 8 
+2 8 
+1+ 8 
7 16 
7 8 
6 8 
+5 8 
+4+ 16 
+4+ 8 
+3 8 
+4+ 8 
+4+ 8 
+5 8 
+6 8 
+6 8 
+5 8 
+4+ 8 
+2 8 
+3 2 

+6 8 
+5 8 
+4+ 8 
+3 8 
+2 3 
+3 16 
+4+ 16 
+4+ 8 
+5 8 
7 8 
+2 16 
+2 8 
+1+ 8 
7 8 
+1+ 8 
+2 2 